Vc = 12.0
f=1e3
Vs = 10e-3
Rs = 100
Ci = 1e-3
Rb1 = 80e3
Rb2 =20e3
Rc = 1e3
Re =100
Ce = 1e-3

%Q1
VBEON=0.7
VT=25e-3
BFN=178.7
VAFN=69.7

%Q2

Rd = 100
Co = 1e-6
Rl = 8