pkg load symbolic
Va = 5.1361224873

Kb = 7.16043663039e-3
Kc = 8.19579707039e3
Id = 1.03201034448e-3

R1 = 1.04140403815e3
R2 = 2.06425750627e3
R3 = 3.01346586287e3 
R4 = 4.09638762559e3 
R5 = 3.04195770117e3 
R6 = 2.04936997612e3 
R7 = 1.01919058582e3 

A = [R1+R3+R4, -R3, -R4, 0; 
    -Kb*R3, Kb*R3-1,0,0; 
    -R4,0,R4+R6+R7-Kc,0;
    0, 0, 0,1]
B = [Va; 0; 0; -Id]

A\B