

Please enter the lowest student number in your group: 


Units for the values: V, mA, kOhm, mS and uF


Values:  R1 = 1.04140403815 
R2 = 2.06425750627 
R3 = 3.01346586287 
R4 = 4.09638762559 
R5 = 3.04195770117 
R6 = 2.04936997612 
R7 = 1.01919058582 
Vs = 5.1361224873 
C = 1.03201034448 
Kb = 7.16043663039 
Kd = 8.19579707039 



