fdata =  19
f1 =  20
f2 =  21
f3 =  22
f4 =  23
f5 =  24
data =

   1.04140403815e+00
   2.06425750627e+00
   3.01346586287e+00
   4.09638762559e+00
   3.04195770117e+00
   2.04936997612e+00
   1.01919058582e+00
   5.13612248730e+00
   1.03201034448e+00
   7.16043663039e+00
   8.19579707039e+00

R1 =    1.04140403815e+03
R2 =    2.06425750627e+03
R3 =    3.01346586287e+03
R4 =    4.09638762559e+03
R5 =    3.04195770117e+03
R6 =    2.04936997612e+03
R7 =    1.01919058582e+03
Vs =    5.13612248730e+00
C =    1.03201034448e-06
Kb =    7.16043663039e-03
Kd =    8.19579707039e+03
G1 =    9.60242099480e-04
G2 =    4.84435685452e-04
G3 =    3.31843812243e-04
G4 =    2.44117522901e-04
G5 =    3.28735669012e-04
G6 =    4.87954840586e-04
G7 =    9.81170758358e-04
A =

 Columns 1 through 4:

  -9.60242099480e-04   1.77652159718e-03  -4.84435685452e-04   0.00000000000e+00
   0.00000000000e+00  -7.64487231584e-03   4.84435685452e-04   0.00000000000e+00
   0.00000000000e+00   7.16043663039e-03   0.00000000000e+00   0.00000000000e+00
   0.00000000000e+00   0.00000000000e+00   0.00000000000e+00  -4.87954840586e-04
   1.00000000000e+00   0.00000000000e+00   0.00000000000e+00  -1.00000000000e+00
   0.00000000000e+00   0.00000000000e+00   0.00000000000e+00   1.00000000000e+00
   0.00000000000e+00   0.00000000000e+00   0.00000000000e+00  -3.99917885296e+00
   0.00000000000e+00  -3.31843812243e-04   0.00000000000e+00  -2.44117522901e-04

 Columns 5 through 8:

  -3.31843812243e-04   0.00000000000e+00   0.00000000000e+00   0.00000000000e+00
   7.16043663039e-03   0.00000000000e+00   0.00000000000e+00   0.00000000000e+00
  -7.48917229940e-03   3.28735669012e-04   0.00000000000e+00   0.00000000000e+00
   0.00000000000e+00   0.00000000000e+00   1.46912559894e-03  -9.81170758358e-04
   0.00000000000e+00   0.00000000000e+00   0.00000000000e+00   0.00000000000e+00
   0.00000000000e+00   0.00000000000e+00   0.00000000000e+00   0.00000000000e+00
   1.00000000000e+00   0.00000000000e+00   3.99917885296e+00  -1.00000000000e+00
   9.04697004156e-04  -3.28735669012e-04  -9.81170758358e-04   9.81170758358e-04

B =

   0.00000000000e+00
   0.00000000000e+00
   0.00000000000e+00
   0.00000000000e+00
   5.13612248730e+00
   0.00000000000e+00
   0.00000000000e+00
   0.00000000000e+00

V =

   5.13612248730e+00
   4.88464690881e+00
   4.36195145882e+00
  -2.22090197102e-16
   4.92000960269e+00
   5.69027079572e+00
  -1.96654083449e+00
  -2.94453891610e+00

VTESTE =  10
A =

   1.02069058887e+04  -3.01346586287e+03  -3.04195770117e+03
   4.09638762559e+03  -6.06844945031e+03   3.01346586287e+03
   3.04195770117e+03  -3.01346586287e+03   2.03576566797e+03

B =

   10
    0
    0

D =

   6.00498105152e-04
  -1.51832517422e-04
  -1.12205052849e-03

REQUIV =    1.66528418894e+04
